1763881761949 14.869023216126202 0
1763882226824 9.927405544883113 1
1763882691946 -2.566349669148523 2
1763883156659 -8.164468675306289 3
1763883622175 -6.476359022188995 4
1763884086922 -6.184519417932478 5
1763884552541 -4.77720811810597 6
1763885017728 -2.0004958096977647 7
1763885482845 0.7637389370942275 8
1763885947811 6.001984086076145 9
1763886413432 9.571758042351675 10
1763886878645 12.642216676938332 11
1763887344002 13.522006784051152 12
1763887808896 15.66449100332745 13
1763888274059 16.704529604669343 14
1763888738519 18.14681842270544 15
1763889203751 19.745165135820034 16
1763889669845 20.726205252631235 17
1763890134160 21.254168008060777 18
1763890599107 21.6196544753899 19
1763891063741 22.485427083484197 20
1763891528212 21.716230894509007 21
1763891992597 23.293863229913228 22
1763892457121 23.6785559353586 23
1763892922110 24.283556400880975 24
1763893386935 25.018142315492792 25
1763893850300 25.26543618347685 26
1763894314392 25.61898183111417 27
1763894778381 25.762259979571326 28
1763895243261 26.4981688431562 29
1763895707725 25.23384250252934 30
1763896173029 24.775974998474123 31
1763896637577 25.27113074448149 32
1763897103547 25.679834713693392 33
1763897568576 25.677243446091474 34
1763898034150 25.75903182757103 35
1763898497925 25.745878171759138 36
1763898963450 25.355704925666423 37
1763899428087 25.499172818458685 38
1763899893549 25.35154975503178 39
1763900357619 25.138833664393022 40
1763900821545 25.39280741837065 41
1763901285786 25.892836752099505 42
1763901749848 25.510214729955642 43
1763902213641 25.999932687403792 44
1763902678198 26.079425769417973 45
1763903141810 26.160675800452797 46
1763903605515 27.03593043052544 47
1763904069295 27.363891673977093 48
1763904533096 27.702342461731476 49
1763904997628 28.22394914206812 50
1763905462641 28.323999484757245 51
1763905927761 28.82195716372991 52
1763906392245 29.493072918714102 53
1763906857500 30.175536496760483 54
1763907322369 30.66742076485844 55
1763907787093 30.785104291883567 56
1763908251182 30.708499893899692 57
1763908716830 30.56502483852839 58
1763909180959 31.243941603838387 59
1763909645464 30.916803317635747 60
1763910109110 31.418889637963247 61
1763910573780 31.102137038344043 62
1763911038376 31.28721701347222 63
1763911502369 30.989612163285077 64
1763911966773 30.92195976257324 65
1763912431387 30.79517773967678 66
1763912895433 30.315241219472078 67
1763913359742 29.875625150971494 68
1763913823338 29.689895165006995 69
1763914288176 29.991872226262497 70
1763914752397 28.774623908350023 71
1763915217238 28.578248004266772 72
1763915681642 28.264843734482586 73
1763916147069 27.736535126637605 74
1763916611619 28.068655775684423 75
1763917077011 27.160401221129852 76
1763917540993 27.65910582784879 77
1763918005489 26.937108865834897 78
1763918470854 26.39363209772918 79
1763918935421 26.272152369870977 80
1763919400014 25.823882761890605 81
1763919863483 25.82152143834001 82
1763920328143 25.22680817458589 83
1763920792597 25.164454363806772 84
1763921257102 24.746795950097553 85
1763921721012 24.423872628292795 86
1763922185730 24.01431747598163 87
1763922649834 23.824089830689513 88
1763923114503 23.040512148000428 89
1763923579126 23.27645286301435 90
1763924044544 22.63523585982242 91
1763924508813 22.66103173546872 92
1763924973768 21.895624711473108 93
1763925438521 21.374679770873765 94
1763925903427 21.131726338338044 95
1763926368322 20.381417735633203 96
1763926833763 20.055584839319778 97
1763927298220 19.97894398778172 98
1763927763236 19.833478605949274 99
1763881761949 14.869023216126202 0
