1763881761949 0.0 0
1763882226824 0.0 1
1763882691946 0.0 2
1763883156659 0.0 3
1763883622175 0.0 4
1763884086922 0.0 5
1763884552541 0.0 6
1763885017728 0.0 7
1763885482845 0.0 8
1763885947811 0.0 9
1763886413432 0.0 10
1763886878645 0.0 11
1763887344002 0.0 12
1763887808896 0.0 13
1763888274059 0.0 14
1763888738519 0.0 15
1763889203751 0.0 16
1763889669845 0.0 17
1763890134160 0.0 18
1763890599107 0.0 19
1763891063741 0.0 20
1763891528212 0.0 21
1763891992597 0.0 22
1763892457121 0.0 23
1763892922110 0.0 24
1763893386935 0.0 25
1763893850300 0.0 26
1763894314392 0.0 27
1763894778381 0.0 28
1763895243261 0.0 29
1763895707725 0.0 30
1763896173029 0.0 31
1763896637577 0.0 32
1763897103547 0.0 33
1763897568576 0.0 34
1763898034150 0.0 35
1763898497925 0.0 36
1763898963450 0.0 37
1763899428087 0.0 38
1763899893549 0.0 39
1763900357619 0.0 40
1763900821545 0.0 41
1763901285786 0.0 42
1763901749848 0.0 43
1763902213641 0.0 44
1763902678198 0.0 45
1763903141810 0.0 46
1763903605515 0.0 47
1763904069295 0.0 48
1763904533096 0.0 49
1763904997628 0.0 50
1763905462641 0.0 51
1763905927761 0.0 52
1763906392245 0.0 53
1763906857500 0.0 54
1763907322369 0.0 55
1763907787093 0.0 56
1763908251182 0.0 57
1763908716830 0.0 58
1763909180959 0.0 59
1763909645464 0.0 60
1763910109110 0.0 61
1763910573780 0.0 62
1763911038376 0.0 63
1763911502369 0.0 64
1763911966773 0.0 65
1763912431387 0.0 66
1763912895433 0.0 67
1763913359742 0.0 68
1763913823338 0.0 69
1763914288176 0.0 70
1763914752397 0.0 71
1763915217238 0.0 72
1763915681642 0.0 73
1763916147069 0.0 74
1763916611619 0.0 75
1763917077011 0.0 76
1763917540993 0.0 77
1763918005489 0.0 78
1763918470854 0.0 79
1763918935421 0.0 80
1763919400014 0.0 81
1763919863483 0.0 82
1763920328143 0.0 83
1763920792597 0.0 84
1763921257102 0.0 85
1763921721012 0.0 86
1763922185730 0.0 87
1763922649834 0.0 88
1763923114503 0.0 89
1763923579126 0.0 90
1763924044544 0.0 91
1763924508813 0.0 92
1763924973768 0.0 93
1763925438521 0.0 94
1763925903427 0.0 95
1763926368322 0.0 96
1763926833763 0.0 97
1763927298220 0.0 98
1763927763236 0.0 99
1763881761949 0.0 0
