1763881761949 0.46299901042922825 0
1763882226824 1.11918327877077 1
1763882691946 1.5437836871914945 2
1763883156659 2.4678971305742103 3
1763883622175 3.430433233531855 4
1763884086922 3.8350312759512564 5
1763884552541 3.913812131396795 6
1763885017728 4.1577448929770515 7
1763885482845 4.184658194598505 8
1763885947811 4.883049230939251 9
1763886413432 5.321261343107385 10
1763886878645 5.890039874820386 11
1763887344002 5.888824508190155 12
1763887808896 6.23779912613206 13
1763888274059 6.382214337526742 14
1763888738519 6.707955178810378 15
1763889203751 6.7366716039786905 16
1763889669845 6.590984958228418 17
1763890134160 6.693527633295221 18
1763890599107 6.677314977322594 19
1763891063741 6.7702722873122 20
1763891528212 6.608555180662769 21
1763891992597 6.695253662174031 22
1763892457121 6.540378320500002 23
1763892922110 6.571282782716266 24
1763893386935 6.544454612570294 25
1763893850300 6.280815291404724 26
1763894314392 6.29601252115379 27
1763894778381 5.999829733816243 28
1763895243261 5.998520217750032 29
1763895707725 5.672465310096741 30
1763896173029 5.5842193618467295 31
1763896637577 5.665755463293043 32
1763897103547 5.717679422871541 33
1763897568576 5.928529473482552 34
1763898034150 5.84448983111624 35
1763898497925 5.857095820620908 36
1763898963450 5.67227717504663 37
1763899428087 5.825363706693811 38
1763899893549 5.7719916700508636 39
1763900357619 5.512889234979274 40
1763900821545 5.400862659559412 41
1763901285786 5.389202958123159 42
1763901749848 5.247559447490563 43
1763902213641 5.26071757502475 44
1763902678198 5.2283468501446615 45
1763903141810 5.264701426716174 46
1763903605515 5.230686554868343 47
1763904069295 5.247540860499366 48
1763904533096 5.184524770308349 49
1763904997628 5.4503905960260814 50
1763905462641 5.345820677684525 51
1763905927761 5.4133142880261955 52
1763906392245 5.5813165041551756 53
1763906857500 5.821011953071013 54
1763907322369 5.872085580300476 55
1763907787093 6.055566206301673 56
1763908251182 6.135886821463957 57
1763908716830 6.303226191593429 58
1763909180959 6.459452557644601 59
1763909645464 6.474918172157417 60
1763910109110 6.765241618560532 61
1763910573780 6.836828491970644 62
1763911038376 6.9255859568159455 63
1763911502369 7.18296504513692 64
1763911966773 7.1863250032521915 65
1763912431387 7.49738184371237 66
1763912895433 7.433067169674373 67
1763913359742 7.803657541275024 68
1763913823338 7.720000367326252 69
1763914288176 8.008591740495067 70
1763914752397 8.218916473388672 71
1763915217238 8.556966173042685 72
1763915681642 8.473414506023213 73
1763916147069 8.377132311998787 74
1763916611619 8.637170734324698 75
1763917077011 8.560260724051524 76
1763917540993 8.814329803919389 77
1763918005489 8.9672617963209 78
1763918470854 9.092896809901221 79
1763918935421 9.333891958139711 80
1763919400014 9.302720312829745 81
1763919863483 9.472314827563398 82
1763920328143 9.494411076691192 83
1763920792597 9.718453363644874 84
1763921257102 9.759559372400833 85
1763921721012 10.036406382948666 86
1763922185730 9.815566674652747 87
1763922649834 9.916588972786725 88
1763923114503 9.796731726436292 89
1763923579126 10.010768965866607 90
1763924044544 9.815647134861704 91
1763924508813 10.283007352230912 92
1763924973768 10.545037649283975 93
1763925438521 10.297555628631075 94
1763925903427 10.80293816097712 95
1763926368322 10.710694434198283 96
1763926833763 10.80193686129683 97
1763927298220 10.938289012585656 98
1763927763236 11.04043060512866 99
1763881761949 0.46299901042922825 0
