1763881761949 0.44710748471256534 0
1763882226824 0.3645010568327823 1
1763882691946 0.355980744624542 2
1763883156659 0.34983160932185287 3
1763883622175 0.3449761017121501 4
1763884086922 0.3400883713566651 5
1763884552541 0.3361319658033929 6
1763885017728 0.3326655098795891 7
1763885482845 0.330428555519399 8
1763885947811 0.32967051012283666 9
1763886413432 0.32894590655120753 10
1763886878645 0.3282789589313127 11
1763887344002 0.3276975052109209 12
1763887808896 0.3269375315460108 13
1763888274059 0.3263238049311153 14
1763888738519 0.3256681453929109 15
1763889203751 0.32519670085886776 16
1763889669845 0.3246214374874608 17
1763890134160 0.3240607201547946 18
1763890599107 0.32340102240948354 19
1763891063741 0.32274000762125193 20
1763891528212 0.32216774429305123 21
1763891992597 0.3215401934415607 22
1763892457121 0.3209747327737889 23
1763892922110 0.3204547154903412 24
1763893386935 0.31999311373395434 25
1763893850300 0.3192894302232791 26
1763894314392 0.3188903306601411 27
1763894778381 0.3184053836712393 28
1763895243261 0.3179299240243637 29
1763895707725 0.31780258409552653 30
1763896173029 0.3174305604878119 31
1763896637577 0.31716905289029673 32
1763897103547 0.3169854268355895 33
1763897568576 0.3169003382047354 34
1763898034150 0.3168133654963162 35
1763898497925 0.31674446589613364 36
1763898963450 0.31648279655787903 37
1763899428087 0.31637458402221486 38
1763899893549 0.31616497418890566 39
1763900357619 0.3160141449535297 40
1763900821545 0.3157644118696956 41
1763901285786 0.3155835277018911 42
1763901749848 0.31538023341005134 43
1763902213641 0.3152525699088129 44
1763902678198 0.3150596267894163 45
1763903141810 0.3149946157381696 46
1763903605515 0.3146579218643197 47
1763904069295 0.3144573010251684 48
1763904533096 0.31440031993439643 49
1763904997628 0.3140995740158073 50
1763905462641 0.3139969827689357 51
1763905927761 0.3137552890838203 52
1763906392245 0.313560914308843 53
1763906857500 0.3133428962781268 54
1763907322369 0.3131853287502871 55
1763907787093 0.31302426367492997 56
1763908251182 0.31281291811142936 57
1763908716830 0.3127166879985292 58
1763909180959 0.3124945951644647 59
1763909645464 0.312367911326178 60
1763910109110 0.31227115849822257 61
1763910573780 0.31209007353348245 62
1763911038376 0.3120384366380966 63
1763911502369 0.31188714269359236 64
1763911966773 0.31177892410654134 65
1763912431387 0.3116748974535425 66
1763912895433 0.31160863861946736 67
1763913359742 0.31156868293376294 68
1763913823338 0.31138229228429876 69
1763914288176 0.3113399161928791 70
1763914752397 0.31125239812974204 71
1763915217238 0.3111368930996475 72
1763915681642 0.31117073832932163 73
1763916147069 0.3110247575782113 74
1763916611619 0.31101988370893363 75
1763917077011 0.3109184966829874 76
1763917540993 0.310904193207369 77
1763918005489 0.3108204793930054 78
1763918470854 0.3108521115704108 79
1763918935421 0.3107536564060187 80
1763919400014 0.3107164924478127 81
1763919863483 0.3106777252130589 82
1763920328143 0.31080653437618483 83
1763920792597 0.31065404205251546 84
1763921257102 0.3106721151405472 85
1763921721012 0.31058898928054307 86
1763922185730 0.3105578935247357 87
1763922649834 0.31047746175173985 88
1763923114503 0.31045518092432267 89
1763923579126 0.3103578504212832 90
1763924044544 0.31026680549827673 91
1763924508813 0.31025224545497004 92
1763924973768 0.3101908581918579 93
1763925438521 0.3101059301197529 94
1763925903427 0.3100568112857261 95
1763926368322 0.3098873862674681 96
1763926833763 0.30988962647268326 97
1763927298220 0.30987146860967246 98
1763927763236 0.3097269831976648 99
1763881761949 0.44710748471256534 0
