1763881761949 7.808376381518477 0
1763882226824 3.7704067952552083 1
1763882691946 2.643949166788893 2
1763883156659 2.066376966682531 3
1763883622175 1.7222568957987479 4
1763884086922 1.4943934667615568 5
1763884552541 1.3474020006393983 6
1763885017728 1.2318669257982302 7
1763885482845 1.1210447003073611 8
1763885947811 1.0537764659321913 9
1763886413432 0.974108121748698 10
1763886878645 0.9160239075250545 11
1763887344002 0.8710250822012707 12
1763887808896 0.8396855487813384 13
1763888274059 0.8065326896158316 14
1763888738519 0.7790456094731719 15
1763889203751 0.7544268628449763 16
1763889669845 0.7287847475227663 17
1763890134160 0.7152957237170915 18
1763890599107 0.6998981427489701 19
1763891063741 0.679466889647104 20
1763891528212 0.6710842780238491 21
1763891992597 0.6609014590463396 22
1763892457121 0.6464768961930679 23
1763892922110 0.6422957328669096 24
1763893386935 0.628116612702103 25
1763893850300 0.6189088539602393 26
1763894314392 0.6119097116134935 27
1763894778381 0.6010518944768583 28
1763895243261 0.5978690220996485 29
1763895707725 0.588437362656755 30
1763896173029 0.5822928359851999 31
1763896637577 0.5784189734873125 32
1763897103547 0.5704409947082147 33
1763897568576 0.5657917097665496 34
1763898034150 0.5593306496284776 35
1763898497925 0.5554690094115371 36
1763898963450 0.5485570591435595 37
1763899428087 0.5454598206332174 38
1763899893549 0.5416431921164868 39
1763900357619 0.5357311810325768 40
1763900821545 0.5309125243556702 41
1763901285786 0.5262986448053586 42
1763901749848 0.5210248630531764 43
1763902213641 0.5221075143753472 44
1763902678198 0.5129281538169262 45
1763903141810 0.5146618795546435 46
1763903605515 0.5073682792964628 47
1763904069295 0.5068422552185543 48
1763904533096 0.5070714459202047 49
1763904997628 0.4995154611539033 50
1763905462641 0.4988974016298682 51
1763905927761 0.4935641129340156 52
1763906392245 0.4914250142064135 53
1763906857500 0.4955451466370437 54
1763907322369 0.48570211343593517 55
1763907787093 0.4848908102184029 56
1763908251182 0.4825031705806821 57
1763908716830 0.4829486439894822 58
1763909180959 0.47956803485751154 59
1763909645464 0.4777506273201967 60
1763910109110 0.47583956491644097 61
1763910573780 0.47544527914311924 62
1763911038376 0.47198914971644595 63
1763911502369 0.4701234141168958 64
1763911966773 0.4682276223549398 65
1763912431387 0.4662031936418202 66
1763912895433 0.4678115554785324 67
1763913359742 0.4664997220898079 68
1763913823338 0.46073548876380516 69
1763914288176 0.46084092213945876 70
1763914752397 0.45998572410163235 71
1763915217238 0.4577844516276303 72
1763915681642 0.4559987551681066 73
1763916147069 0.4535971456185236 74
1763916611619 0.45475478148561416 75
1763917077011 0.45169696267378534 76
1763917540993 0.4492894508752783 77
1763918005489 0.44922557313310896 78
1763918470854 0.447264046012345 79
1763918935421 0.44654273664294664 80
1763919400014 0.4443508789120084 81
1763919863483 0.44207936891054705 82
1763920328143 0.4445818212375803 83
1763920792597 0.44089776533387476 84
1763921257102 0.4406632772391125 85
1763921721012 0.43747885137038717 86
1763922185730 0.43718393691010393 87
1763922649834 0.43659662876341304 88
1763923114503 0.43668393443449066 89
1763923579126 0.4319819083784596 90
1763924044544 0.43251270703845107 91
1763924508813 0.4298898046552125 92
1763924973768 0.42969930886717167 93
1763925438521 0.42883910035935496 94
1763925903427 0.4292460913425785 95
1763926368322 0.4282743061245498 96
1763926833763 0.4263527603472693 97
1763927298220 0.4250201245308933 98
1763927763236 0.4245444399825597 99
1763881761949 7.808376381518477 0
