1763881761949 8.255483871839814 0
1763882226824 4.1349078529163945 1
1763882691946 2.9999299104941093 2
1763883156659 2.4162085769742223 3
1763883622175 2.06723299749827 4
1763884086922 1.83448183843645 5
1763884552541 1.6835339670464144 6
1763885017728 1.5645324354757697 7
1763885482845 1.4514732552382905 8
1763885947811 1.3834469762495007 9
1763886413432 1.303054028123112 10
1763886878645 1.2443028663275606 11
1763887344002 1.198722588268377 12
1763887808896 1.1666230806253723 13
1763888274059 1.1328564947944577 14
1763888738519 1.1047137544114711 15
1763889203751 1.0796235634411795 16
1763889669845 1.0534061844167062 17
1763890134160 1.0393564436193239 18
1763890599107 1.0232991650549033 19
1763891063741 1.002206897200164 20
1763891528212 0.9932520222158755 21
1763891992597 0.9824416518514439 22
1763892457121 0.9674516285779112 23
1763892922110 0.9627504482814822 24
1763893386935 0.9481097267037731 25
1763893850300 0.938198283860239 26
1763894314392 0.930800042031175 27
1763894778381 0.9194572781506232 28
1763895243261 0.9157989460633973 29
1763895707725 0.9062399467977427 30
1763896173029 0.8997233962305522 31
1763896637577 0.8955880265013646 32
1763897103547 0.8874264212078967 33
1763897568576 0.8826920479637081 34
1763898034150 0.8761440149404235 35
1763898497925 0.8722134749364044 36
1763898963450 0.8650398553023904 37
1763899428087 0.8618344046604836 38
1763899893549 0.8578081664594553 39
1763900357619 0.8517453259381197 40
1763900821545 0.8466769364122617 41
1763901285786 0.8418821724491604 42
1763901749848 0.8364050961197432 43
1763902213641 0.8373600843700312 44
1763902678198 0.8279877810660056 45
1763903141810 0.8296564955074909 46
1763903605515 0.8220262009258997 47
1763904069295 0.8212995562462484 48
1763904533096 0.8214717659657285 49
1763904997628 0.8136150348135981 50
1763905462641 0.8128943842043311 51
1763905927761 0.8073194021087582 52
1763906392245 0.8049859287223573 53
1763906857500 0.8088880433824103 54
1763907322369 0.798887441542189 55
1763907787093 0.7979150735271179 56
1763908251182 0.7953160886643297 57
1763908716830 0.7956653322607784 58
1763909180959 0.7920626296178769 59
1763909645464 0.7901185382321729 60
1763910109110 0.7881107232227164 61
1763910573780 0.787535352555372 62
1763911038376 0.7840275868066287 63
1763911502369 0.7820105571716519 64
1763911966773 0.7800065463932894 65
1763912431387 0.777878091133247 66
1763912895433 0.7794201942621651 67
1763913359742 0.7780684049503278 68
1763913823338 0.7721177814016907 69
1763914288176 0.7721808386354123 70
1763914752397 0.7712381223248224 71
1763915217238 0.7689213447550596 72
1763915681642 0.7671694935580431 73
1763916147069 0.7646219032144143 74
1763916611619 0.765774665252637 75
1763917077011 0.7626154594199133 76
1763917540993 0.760193643857867 77
1763918005489 0.7600460527205871 78
1763918470854 0.7581161573983856 79
1763918935421 0.7572963930388629 80
1763919400014 0.7550673715290377 81
1763919863483 0.7527570942549382 82
1763920328143 0.7553883555026377 83
1763920792597 0.7515518072702116 84
1763921257102 0.7513353923013655 85
1763921721012 0.7480678404943417 86
1763922185730 0.7477418302883536 87
1763922649834 0.7470740907121513 88
1763923114503 0.7471391156063242 89
1763923579126 0.7423397586557825 90
1763924044544 0.7427795121174747 91
1763924508813 0.7401420504561925 92
1763924973768 0.7398901669857866 93
1763925438521 0.7389450308427973 94
1763925903427 0.7393029027621625 95
1763926368322 0.7381616925738625 96
1763926833763 0.736242386431007 97
1763927298220 0.7348915929359905 98
1763927763236 0.7342714228013815 99
1763881761949 8.255483871839814 0
